#Reference feature vector for mug0000.jpg
0.996276
0.995913
0.997714
0.943036
0.999339
0.989611
0.998207
0.958704
0.997583
0.996769
0.200745
0.0197882
0.171977
-0.00179556
0.0624913
0.253896
-0.204929
0.625341
0.0471347
0.546437
0.556468
0.41021
0.810529
0.352044
0.545116
0.474254
-0.0412306
0.49958
0.51682
0.480339
0.162492
0.707112
0.87796
0.615268
0.133961
0.574842
0.490296
0.509343
0.729002
0.0308592
0.0747136
0.769573
0.555707
0.474402
0.885422
0.338005
0.394836
0.72039
0.328178
0.771301
0.528736
-0.0236735
0.933794
0.674868
0.57433
0.391932
0.221172
0.774867
0.295491
0.322972
0.700928
0.276643
0.110905
0.0945327
-0.102029
0.277501
0.512187
0.0355039
0.610016
0.912339
0.844026
0.222704
0.880757
0.00665897
0.224014
0.0976015
0.234095
0.877401
0.38461
0.505762
0.642227
0.671988
-0.416603
0.84693
0.323473
0.437806
0.306105
0.904957
0.909751
0.467239
0.312583
0.180305
0.041816
0.919165
0.871324
0.66008
0.844865
0.212085
-0.132622
0.123549
0.858827
0.139842
0.138313
0.907485
0.557742
0.635386
0.314494
-0.0683199
0.598526
0.396836
0.0456088
0.158758
-0.0866295
0.0150845
0.277384
0.427033
0.147413
0.025251
0.50786
